1 0.712 0.748 0.396 0.35466666666666663
3 0.6 0.724 0.108 0.5253333333333333
3 0.493 0.704 0.106 0.4373333333333333
3 0.402 0.6906666666666667 0.096 0.44266666666666665
3 0.323 0.6786666666666666 0.10200000000000001 0.504
3 0.038 0.656 0.064 0.19733333333333333
3 0.098 0.6586666666666666 0.04 0.192
3 0.137 0.66 0.046 0.19466666666666665
1 0.10200000000000001 0.6653333333333333 0.20400000000000001 0.104
3 0.108 0.33466666666666667 0.076 0.17333333333333334
1 0.889 0.8079999999999999 0.218 0.37866666666666665
1 0.888 0.6733333333333333 0.10400000000000001 0.06666666666666667
