1 0.6 0.3253333333333333 0.16 0.208
1 0.325 0.39199999999999996 0.202 0.21333333333333332
1 0.595 0.24 0.166 0.15466666666666667
1 0.377 0.28933333333333333 0.186 0.23199999999999998
1 0.586 0.16133333333333333 0.152 0.12
1 0.595 0.088 0.114 0.13866666666666666
1 0.625 0.064 0.11 0.128
1 0.14400000000000002 0.308 0.2 0.20533333333333334
1 0.846 0.8626666666666667 0.304 0.2693333333333333
1 0.871 0.6 0.254 0.2826666666666667
1 0.932 0.4093333333333333 0.132 0.12
1 0.91 0.37866666666666665 0.176 0.18133333333333332
1 0.884 0.29333333333333333 0.17200000000000001 0.21333333333333332
1 0.862 0.224 0.152 0.16533333333333333
1 0.8210000000000001 0.09999999999999999 0.138 0.19999999999999998
1 0.974 0.12666666666666665 0.048 0.16266666666666665
1 0.9510000000000001 0.06 0.094 0.12
1 0.042 0.39599999999999996 0.084 0.17866666666666667
0 0.40800000000000003 0.11333333333333333 0.28800000000000003 0.22666666666666666
2 0.148 0.848 0.10400000000000001 0.25066666666666665
2 0.521 0.572 0.106 0.21066666666666667
2 0.269 0.2733333333333333 0.062 0.11466666666666667
3 0.169 0.7613333333333333 0.11800000000000001 0.27999999999999997
3 0.519 0.5186666666666666 0.098 0.23199999999999998
2 0.303 0.5519999999999999 0.11800000000000001 0.18133333333333332
3 0.299 0.5013333333333333 0.094 0.23466666666666666
3 0.267 0.19866666666666666 0.058 0.09333333333333332
