3 0.712 0.688 0.356 0.6186666666666667
3 0.652 0.6066666666666667 0.216 0.30666666666666664
3 0.635 0.616 0.198 0.384
3 0.581 0.508 0.126 0.264
3 0.506 0.49066666666666664 0.08 0.16533333333333333
3 0.386 0.48933333333333334 0.156 0.19999999999999998
3 0.265 0.5053333333333333 0.11800000000000001 0.216
3 0.337 0.36666666666666664 0.182 0.20533333333333334
3 0.41300000000000003 0.376 0.126 0.288
3 0.526 0.368 0.336 0.304
3 0.639 0.35866666666666663 0.158 0.2373333333333333
3 0.131 0.36933333333333335 0.214 0.328
3 0.183 0.5559999999999999 0.15 0.2906666666666667
3 0.096 0.6226666666666666 0.192 0.408
