3 0.714 0.5026666666666666 0.14400000000000002 0.296
3 0.374 0.5186666666666666 0.112 0.27999999999999997
3 0.187 0.5186666666666666 0.082 0.216
3 0.029 0.49866666666666665 0.058 0.16
3 0.9440000000000001 0.44666666666666666 0.056 0.184
3 0.879 0.4573333333333333 0.042 0.152
3 0.848 0.43466666666666665 0.036000000000000004 0.17066666666666666
3 0.804 0.4413333333333333 0.044 0.16799999999999998
3 0.627 0.4573333333333333 0.03 0.15733333333333333
3 0.462 0.4493333333333333 0.044 0.14133333333333334
3 0.125 0.4653333333333333 0.022 0.11466666666666667
3 0.10400000000000001 0.4653333333333333 0.024 0.11466666666666667
