3 0.619 0.66 0.11800000000000001 0.4613333333333333
3 0.787 0.6773333333333333 0.062 0.29333333333333333
3 0.834 0.6186666666666667 0.08 0.36266666666666664
3 0.883 0.6413333333333333 0.058 0.328
3 0.281 0.5146666666666666 0.08600000000000001 0.3253333333333333
1 0.875 0.47333333333333333 0.058 0.04533333333333333
1 0.798 0.472 0.052000000000000005 0.05333333333333333
1 0.733 0.47866666666666663 0.054 0.04533333333333333
1 0.673 0.4693333333333333 0.074 0.05333333333333333
1 0.5640000000000001 0.45199999999999996 0.076 0.04
