3 0.49866666666666665 0.562 0.9973333333333333 0.872
3 0.9359999999999999 0.132 0.12266666666666666 0.264
3 0.17733333333333332 0.08 0.06133333333333333 0.12
3 0.22933333333333333 0.088 0.06933333333333333 0.112
3 0.6426666666666666 0.134 0.058666666666666666 0.084
3 0.5733333333333334 0.095 0.05333333333333333 0.122
3 0.5333333333333333 0.11900000000000001 0.03733333333333333 0.062
3 0.32266666666666666 0.089 0.048 0.098
3 0.37466666666666665 0.097 0.050666666666666665 0.09
3 0.08266666666666667 0.116 0.05333333333333333 0.052000000000000005
