3 0.865 0.45866666666666667 0.266 0.33066666666666666
3 0.653 0.4333333333333333 0.078 0.30666666666666664
3 0.251 0.5693333333333334 0.342 0.6586666666666666
3 0.518 0.4066666666666667 0.056 0.264
3 0.454 0.30266666666666664 0.036000000000000004 0.072
3 0.404 0.31066666666666665 0.052000000000000005 0.104
2 0.23500000000000001 0.6759999999999999 0.374 0.6426666666666666
2 0.869 0.5173333333333333 0.258 0.416
2 0.631 0.4746666666666666 0.214 0.26666666666666666
2 0.486 0.424 0.152 0.21866666666666665
