1 0.966 0.524 0.02 0.029333333333333333
1 0.9420000000000001 0.5253333333333333 0.032 0.03733333333333333
1 0.903 0.5306666666666666 0.046 0.042666666666666665
1 0.869 0.5266666666666666 0.018000000000000002 0.04533333333333333
0 0.517 0.5053333333333333 0.686 0.6746666666666666
3 0.611 0.45599999999999996 0.07 0.10666666666666666
1 0.098 0.6066666666666667 0.188 0.14666666666666667
1 0.022 0.6293333333333333 0.044 0.14933333333333332
3 0.35100000000000003 0.42266666666666663 0.10200000000000001 0.13599999999999998
3 0.41100000000000003 0.4453333333333333 0.066 0.144
3 0.922 0.7426666666666667 0.056 0.216
3 0.972 0.704 0.052000000000000005 0.31466666666666665
3 0.991 0.5559999999999999 0.014 0.09866666666666667
1 0.866 0.5866666666666667 0.02 0.08533333333333333
