1 0.10400000000000001 0.5586666666666666 0.20400000000000001 0.13599999999999998
1 0.12 0.5746666666666667 0.168 0.10933333333333332
3 0.8250000000000001 0.5613333333333334 0.054 0.312
3 0.61 0.5613333333333334 0.152 0.648
3 0.393 0.564 0.11800000000000001 0.488
3 0.49 0.5853333333333333 0.156 0.6106666666666667
3 0.337 0.5506666666666666 0.082 0.17866666666666667
3 0.246 0.6026666666666667 0.092 0.256
3 0.153 0.504 0.058 0.13866666666666666
3 0.1 0.5253333333333333 0.052000000000000005 0.20266666666666666
