1 0.535 0.6565495207667731 0.602 0.3801916932907348
3 0.121 0.2460063897763578 0.098 0.3386581469648562
3 0.201 0.2220447284345048 0.098 0.2460063897763578
3 0.428 0.3690095846645367 0.052000000000000005 0.29073482428115016
3 0.526 0.4456869009584664 0.07200000000000001 0.1693290734824281
3 0.737 0.3722044728434505 0.07 0.2460063897763578
3 0.836 0.3801916932907348 0.044 0.22364217252396165
3 0.87 0.38498402555910544 0.036000000000000004 0.2204472843450479
3 0.888 0.3706070287539936 0.024 0.19808306709265175
3 0.923 0.38658146964856227 0.034 0.1853035143769968
